

Using randomized initialization values for distribution tables:


P(A|L,G,S,W)

0 0 0 0 0 0.999956433185
0 0 0 0 1 4.35668151569e
0 0 0 1 0 0.999424101358
0 0 0 1 1 0.000575898641
0 0 1 0 0 0.988081875206
0 0 1 0 1 0.011918124793
0 0 1 1 0 0.97259523157
0 0 1 1 1 0.027404768429
0 1 0 0 0 0.988323213452
0 1 0 0 1 0.011676786548
0 1 0 1 0 0.926696832579
0 1 0 1 1 0.073303167420
0 1 1 0 0 0.641931962889
0 1 1 0 1 0.358068037111
0 1 1 1 0 0.221453287197
0 1 1 1 1 0.778546712803
1 0 0 0 0 0.99819249887
1 0 0 0 1 0.001807501129
1 0 0 1 0 0.990099009901
1 0 0 1 1 0.009900990099
1 0 1 0 0 0.98337432366
1 0 1 0 1 0.016625676340
1 0 1 1 0 0.673398058252
1 0 1 1 1 0.326601941748
1 1 0 0 0 0.814043583535
1 1 0 0 1 0.185956416465
1 1 0 1 0 0.336141986375
1 1 0 1 1 0.663858013625
1 1 1 0 0 0.077979119164
1 1 1 0 1 0.922020880835
1 1 1 1 0 0.003615851894
1 1 1 1 1 0.996384148105


P(G|D,I)

0 0 0 0.662162277446
0 0 1 0.196787230051
0 1 0 0.996779610056
0 1 1 0.160413562447
1 0 0 0.337837722554
1 0 1 0.803212769949
1 1 0 0.0032203899438
1 1 1 0.839586437553


P(L|P,G)

0 0 0 0.709236546364
0 0 1 0.116675073211
0 1 0 0.769182264429
0 1 1 0.0396056344233
1 0 0 0.500380679334
1 0 1 0.664245376374
1 1 0 0.250737226395
1 1 1 0.695827034017


P(W|I)

0 0 0.86458312747
0 1 0.819387951319
1 0 0.13541687253
1 1 0.180612048681


P(S|I)

0 0 0.0844934404465
0 1 0.0673530885648
1 0 0.915506559554
1 1 0.932646911435


P(I)

0 0.683163951136
1 0.316836048864

Accuracy(%)
80.6

############################

Using an intuition for setting the distributions:

P(A|L,G,S,W)

0 0 0 0 0 0.999608035277
0 0 0 0 1 0.00039196472317
0 0 0 1 0 0.9967453214
0 0 0 1 1 0.00325467860049
0 0 1 0 0 0.953973161636
0 0 1 0 1 0.0460268383642
0 0 1 1 0 0.938309685379
0 0 1 1 1 0.0616903146206
0 1 0 0 0 0.90388722768
0 1 0 0 1 0.0961127723195
0 1 0 1 0 0.759643916914
0 1 0 1 1 0.240356083086
0 1 1 0 0 0.43449405275
0 1 1 0 1 0.56550594725
0 1 1 1 0 0.221453287197
0 1 1 1 1 0.778546712803
1 0 0 0 0 0.992808988764
1 0 0 0 1 0.00719101123596
1 0 0 1 0 0.961538461538
1 0 0 1 1 0.0384615384615
1 0 1 0 0 0.912571132954
1 0 1 0 1 0.087428867046
1 0 1 1 0 0.578868302454
1 0 1 1 1 0.421131697546
1 1 0 0 0 0.867836861125
1 1 0 0 1 0.132163138875
1 1 0 1 0 0.541594454073
1 1 0 1 1 0.458405545927
1 1 1 0 0 0.252781451801
1 1 1 0 1 0.747218548199
1 1 1 1 0 0.0316277762159
1 1 1 1 1 0.968372223784


P(G|D,I)

0 0 0 0.196787230051
0 0 1 0.196787230051
0 1 0 0.971744441829
0 1 1 0.971744441829
1 0 0 0.803212769949
1 0 1 0.803212769949
1 1 0 0.0282555581711
1 1 1 0.0282555581711


P(L|P,G)

0 0 0 0.665103162451
0 0 1 0.0663011780179
0 1 0 0.418260728211
0 1 1 0.233991156723
1 0 0 1.77207921431
1 0 1 0.390236144441
1 1 0 0.200862481175
1 1 1 0.421450371355


P(W|I)

0 0 0.760469777441
0 1 0.760469777441
1 0 0.239530222559
1 1 0.239530222559


P(S|I)

0 0 0.195061326121
0 1 0.195061326121
1 0 0.804938673879
1 1 0.804938673879


P(I)

0 0.8
1 0.2

Accuracy(%)
84.6

############################
